0
0
0
92.8290421322441
94.3359641478275
91.3285472551172
78.5922841349442
79.9195911515878
88.7246547651161
94.1904794583225
96.0207437300620
95.8927176037640
96.5312997940047
96.7822496645984
96.4837492126734
96.3488978098340
96.0638679105875
95.6232562933818
95.5915611355310
95.5202969058287
95.7780454148398
95.8305734396421
95.4850131303394
95.5450975118481
95.5478232302805
95.6039885113791
95.7872090028326
95.9205517330670
96.1293418280133
96.4140421017858
96.5363250859398
96.5578451949221
96.6626464025477
96.7733941031783
96.7783901920633
96.8095471325784
96.9001122652581
97.0160110208652
97.0459004365972
97.0623298641896
97.0587970286756
97.0510199305525
97.0451169354512
97.0322883428771
97.0823168486147
97.0950047023323
97.0921195144285
97.0997239820659
97.1364484139942
97.1599874018518
97.1813343371797
97.1914827891070
97.2080643895855
97.2103693646939
97.2293528270586
97.2345885248272
97.2414219147549
97.2610481328060
97.2628913272286
97.2745927850207
97.2765002175440
97.2770954483180
97.2862644878640
97.2900189215676
97.3027515362337
97.3083715643693
97.3166268394257
97.3333041790596
97.3278615069134
97.3376123342221
97.3599600865429
97.3532154939772
97.3508405461405
97.3515021871869
97.3811178213452
97.3950934346201
97.3838412236380
97.4026947150367
97.4229907727115
97.4259224398544
97.4258431286261
97.4405158120196
97.4567676671305
97.4607146161698
97.4629819624338
97.4668735318910
97.4639876545457
97.4714543904154
97.4464693842171
97.4264304427225
97.4283507945219
97.4280280949153
97.4196280823674
97.4088220631630
97.4244074116862
97.4439799579928
97.4433446642757
97.4349382697941
97.4329336274400
97.4354778959742
97.4346193020117
97.4498389952068
97.4653694311494
97.4812928867958
97.4584365112538
97.4552257152447
97.4654919945390
97.4762147930808
97.4541082726011
97.4487895328842
97.4438803410160
97.4223978570865
97.3999477769386
97.4084829435306
97.3986872649181
97.3955951456209
97.3860963359697
97.3690272519798
97.3596824489063
97.3524816969205
97.3671370513727
97.3884313047568
97.3753804496682
97.3827228216110
97.3998424047685
97.4305589053628
97.4304856658793
97.4346110245880
97.4480317951147
97.4171422093547
97.3814848937855
97.3632449791847
97.3654934567819
97.3514893190522
97.3311759889221
97.3267943930649
97.3323909703877
97.3503085468879
97.3185920986927
97.3330083321953
97.3339526077314
97.3285058807148
97.3273033350935
97.3521713437781
97.3772299910986
97.3790435407469
97.3811995869827
97.3867210768194
97.4010728904511
97.4053511273847
97.4129660091129
97.3997544370844
97.4130271457496
97.4138554962742
97.3979328216022
97.3737427633910
97.3859290750478
97.4148220389050
97.4367453510273
97.4429453322440
97.4519806239217
97.4392865179911
97.4231566396115
97.4221200095809
97.4206699827152
97.4089865328198
97.3973410801014
97.3914896996697
97.3751197619632
97.3551706682870
97.3456002966544
97.3554939749611
97.3714801795625
97.3563908377919
97.3337763227058
97.3680880838121
97.3861916049337
97.3712415723593
97.3603613036404
97.3434135252282
97.3249657577356
97.3079802301923
97.3126179774333
97.2923971235884
97.2721756821000
97.2462323661675
97.2486707337629
97.2371694085788
97.2269876758737
97.1955801186819
97.1855569543332
97.1716653294791
97.1194622644504
97.1297669084746
97.1484825480064
97.1294853135887
97.1380212063960
97.1216298827210
97.0986025391379
97.0828658171028
97.0597444292183
97.0447539737417
97.0241990465224
97.0017860448870
96.8350904312540
96.7794885678387
96.6697005235561
96.4404741536179
96.2034156458110
96.0687905322148
96.0077980332215
95.8145600546578
95.5922363293540
95.4377589491296
95.2122392382953
94.9686289065947
94.8359096258470
94.5994577667983
94.4953581892053
94.1899474755528
93.9907652616002
93.8152046246729
93.6743489521092
93.6123820459004
93.4499867003844
93.4288820564348
93.2716661515692
93.0927472397652
93.1721904659538
93.1997096673652
93.2175273514020
93.2785284839390
93.1919263994947
93.1004323028911
93.0343216559074
92.7271877200967
92.7102843351889
92.7483461876549
92.7956427741264
93.0702514358153
93.1360967630879
93.0213000093055
92.8224499233048
92.7128595437666
92.7882432679666
92.7331086042409
92.6127349904995
92.7151956495043
92.7411789533860
92.9472069523417
93.1582325556147
93.2512353167476
93.3232854279086
93.2555080904089
93.2322113392966
93.2167199781882
93.0907307998770
93.0528275667195
93.3241609823458
93.2829471234705
93.5480258079327
93.6098585245354
93.5674403267558
93.6225527492335
93.7208928496169
93.7775361255065
93.8454136073004
93.8233810595287
93.9527591984478
94.0000472449518
93.9702763387727
94.1613382429529
94.2535296948341
94.4485293847467
94.6134863755689
94.8250753222270
94.9987956193796
95.2294619637721
95.4133426402305
95.6627299599376
95.9261245313158
95.9861060470370
96.0860869012352
96.1939145444822
96.3894018856137
96.5053203277851
96.6099586739032
96.6080984871564
96.7250755818158
96.7024523196502
96.6568315866161
96.6767755909140
96.8058198484026
96.9009278856122
96.8876630627735
96.9110078578784
96.9619371153806
96.8515854113856
96.7997828068041
96.8024555322689
96.9241199559094
97.0269948286862
97.0669162587341
97.0919851361434
97.0825168931283
97.0972661524565
97.1149940135743
97.1228891374126
97.1160423502600
97.0946692298590
97.1210962505511
97.1615438251470
97.1831367381576
97.2011553874464
97.2056219133085
97.2271861395642
97.2596980217107
97.2471946678678
97.2455857056358
97.2475159329725
97.2533491771135
97.2645741409085
97.2664549257036
97.2737684979931
97.2622500879759
97.2632482693297
97.2761723081050
97.2858316635312
97.2729088746889
97.3003861302024
97.3299785688115
97.3439697559100
97.3472037204186
97.3680625253086
97.3983668264429
97.4121295513859
97.4066410634262
97.3981527392349
97.3917142918025
97.4080591064356
97.4192359263614
97.4404609039459
97.4693542337565
97.4750124856226
97.4669415720578
97.4647122799982
97.4721864157883
97.4889118473383
97.4770144996943
97.4952668449057
97.5167816670642
97.5187346208211
97.5099050593485
97.4998791708074
97.5022925774794
97.5049572612842
97.5031776388092
97.5170693199017
97.5139931244028
97.5234302284026
97.5358347369020
97.5451807839793
97.5424802476210
97.5486927214236
97.5605457189872
97.5558582457611
97.5591911476671
97.5645474076679
97.5793196783613
97.5872623703392
97.5788253021636
97.5678504427077
97.5443701540994
97.5000140088409
97.4407279798846
97.3982785814798
97.3580272994284
97.3351361419599
97.2838555529619
97.2428668028574
97.2140450889923
97.1995360577579
97.2036907975042
97.1809354783741
97.1949643403211
97.2178672103049
97.2189150429904
97.1908023106065
97.1684822961880
97.1655699312574
97.1400418778073
97.1290625615177
97.0692989488117
97.0225756476356
97.0086198496322
97.0014527012729
97.0143603624953
97.0259276166477
97.0530104961995
97.0595698292108
97.0641197621788
97.0366441374630
97.0181137059370
97.0124837634033
97.0033319875722
96.9208799524198
96.6824013468578
96.5814204170030
96.6615395110187
96.5613017721001
96.3647422811729
96.2035998674896
96.1160863798193
95.9791305078557
95.8323171747931
95.6718206701416
95.6216618642552
95.5116885565096
95.5652705806168
95.6357240898356
95.6079037625613
95.6057357693890
95.5812670930568
95.5228455612216
95.5469377552269
95.8035196948170
95.9805196806189
95.9380319751603
95.9950500147363
96.0641917498194
96.1513590516856
96.1248051152712
96.2933617210353
96.4815942414752
96.6290909197824
96.7630841765666
96.7400060639486
96.8125725515518
96.8923187645516
97.0115970213629
97.0392805134522
97.0507269730567
97.0653440815183
97.0824639486593
97.0883630659983
97.1101385856534
97.1104841460821
97.1381618786205
97.1566324728203
97.1548409083138
97.1540469345224
97.1748847837013
97.2071560101780
97.2087467003889
97.2034152315933
97.1970173387384
97.1664359198007
97.1401359292649
97.1196499143360
97.0841353532313
97.0761233943386
97.0667801184801
97.0770529247446
97.0908278588044
97.1111912704943
97.1162786056534
97.1553817853297
97.1637158805134
97.1575190935548
97.1667765581078
97.1880964736000
97.2205970815862
97.2409296901848
97.2434477534765
97.2750263630952
97.2959975552434
97.2975678617791
97.2797343115471
97.2746239044858
97.2425976052313
97.2235998436316
97.2086560279898
97.2168229327915
97.2129859044478
97.2050083140097
97.1911546287515
97.1528340180246
97.1605645383636
97.1791552696040
97.1912196271986
97.1977006371806
97.2034803282192
97.2061293862990
97.2178261033916
97.2447393654001
97.2386705899130
97.2345512493598
97.2276865750411
97.2248913058586
97.2350650904146
97.2408458131813
97.2578571576032
97.2439185903849
97.2245125923126
97.1965893304954
97.1556008376256
97.1570089870853
97.1521029547468
97.1549568485612
97.1792649391836
97.1824114055387
97.1831547732996
97.1719891053127
97.1834241534283
97.1771525991435
97.1633508752322
97.1463309340061
97.1167236717737
97.0815973350577
97.0391853675875
97.0014306277244
97.0193316991351
96.9014961248742
96.6880287686327
96.5748525345387
96.4873326128054
96.3129356620677
96.1378293665374
96.0208253518423
95.8019238072327
95.6781428200955
95.8120379261201
95.8023480262250
95.8121549991973
95.5999670357898
95.4965374035072
95.3936495694161
95.3382025262044
95.2516702972220
95.1627823217650
94.9983836566784
94.7674441057500
94.6545176555948
94.5993967402671
94.4670114039951
94.3131202580692
94.4388908789261
94.2128359301257
94.0284760198475
93.8655458016904
93.6923701677302
93.5637020129196
93.3121705404603
93.1956433997463
92.9990763363236
91.8829044239902
90.5110509919677
88.9796656265098
87.4832644308638
85.9243426101042
84.7746595188146
83.0729046416386
81.2706852561359
79.2902164057191
77.2727515744284
75.3773508260586
74.7205409370704
74.1790725465203
72.9083826123067
73.0146783675962
72.6123369695636
71.4740756473910
69.9717569341795
68.3220193955727
69.5078290622373
68.7890185871992
67.4254268425698
66.5362454919341
66.5362454919341
66.5362454919341
66.4953911544275
64.8774717330742
64.4032496341835
64.9738846111864
64.9738846111864
65.6165779143724
66.8787193048860
68.0109355344382
67.5891136776389
67.5891136776389
67.5891136776389
67.5891136776389
67.5140027709357
67.5140027709357
67.9097384592124
69.1816325043747
70.2570568622098
72.0586132926448
73.3361333494497
73.9259127242598
75.9026780951380
77.5114977638664
77.4046475914450
77.5476159701147
77.3776587065055
78.3221505493928
78.9686455068091
79.5466494004694
79.6921550446443
80.1700868870870
80.9897719830358
82.1708198133624
83.1993751306783
83.1993751306783
83.5319157191083
83.5319157191083
83.5319157191083
83.5319157191083
83.5319157191083
84.2520447913501
84.4920651676037
85.5979744291779
86.1259490506054
86.5261410886850
87.2486594715332
87.8957034435593
88.3124346064335
87.8436262112331
87.8436262112331
86.9099052918875
87.0799869540957
87.8948912835310
88.7717782631719
89.2811873814315
89.8024234421315
90.4155392960094
90.2204192740765
89.7789846276186
89.7135924589097
89.7576106409971
89.7495900422234
89.7495900422234
89.7495900422234
89.7495900422234
89.2999682856143
88.8950188962868
88.3510414648146
88.6436891781807
89.3058765915554
89.3058765915554
89.3058765915554
88.7827213265076
88.8154544096792
88.6170096042284
88.5228356287461
88.1098867074608
87.9267335418841
87.9267335418841
87.9267335418841
87.6607301938995
87.5487607866399
87.6046691762613
87.9733700770198
87.5930535661755
87.9702120394993
88.2837031359830
88.2837031359830
88.2837031359830
88.3442099131151
88.4065258011032
88.5043991418744
88.4662431853089
88.2095312909496
88.5377687501697
89.0899281531202
89.6162766112530
89.9812840909025
89.8640510647070
89.9534364985838
89.9652128824163
89.9700739523751
89.8872608291349
89.8601552680914
89.9475592849529
90.0342372310058
90.1799432807971
89.9829869138604
90.0337174289731
90.0564331844433
90.3325505079652
90.4422390605909
90.7480587870339
91.0814394838990
91.2856249808246
91.4883291005318
91.7842771358764
92.1852120849547
92.2640218132320
92.6915084646692
93.1094610868216
93.2720373989896
93.1727660461419
93.2301874253756
93.3856214792933
93.5516989781015
93.7698728954507
93.8934825502223
94.0003767900553
93.9833584421787
94.1771170789663
94.4114335038396
94.6567178594892
94.9785030935757
95.1716060153772
95.2512276553053
95.2810104846129
95.2867613830451
95.2797230854615
95.5033411283706
95.6486016180850
95.7962222692110
95.9584729779071
95.9786047766925
96.0808016143346
96.1254518065465
96.2667947996119
96.2771523105894
96.3987391982949
96.4575630884883
96.4905611866082
96.6338867440330
96.8765698224653
97.0178752539657
97.0512121090075
97.0679868666918
97.0907205528787
97.1278781199488
97.1382379298026
97.1734335742842
97.1882651498929
97.2145538305230
97.2438038269204
97.2855775357170
97.3240800861113
97.3511610170312
97.3792452262178
97.4144789553988
97.4052849612907
97.4261832153683
97.4424942380740
97.4439016170209
97.4297923418086
97.4041275186347
97.3820267750571
97.3790027783045
97.3856448979336
97.3600411683087
97.3302051378802
97.3298001729922
97.2871278538838
97.2883495251030
97.3100983076974
97.3137178717061
97.3186575803427
97.2998714792750
97.3182071580793
97.3150475014196
97.3101391592810
97.3175652131062
97.3171812960012
97.2982940725807
97.2781325106394
97.2704252230331
97.2701669868139
97.2948262079504
97.2930432024510
97.2831290369599
97.2808479940232
97.2808079925733
97.2625498147183
97.2469436560589
97.2556973627066
97.2649026978235
97.2719900741778
97.2784767144057
97.2579316462910
97.2424449078553
97.2513911440207
97.2728601840978
97.2880861192715
97.2805792915669
97.2745739014121
97.2501539630373
97.2448334660853
97.2371794358362
97.2176821002145
97.2216819808568
97.2271618010201
97.2371449993158
97.2527281467786
97.2271971338401
97.2231269302379
97.2129437823564
97.2097783492593
97.2032694523216
97.1864859427446
97.1940298514798
97.2040458355582
97.2113943162004
97.2059241787277
97.2008003821755
97.1847645159642
97.1792714384295
97.1894224620818
97.1891039711745
97.1579528975771
97.1305428152291
97.1001314954699
97.0867494254509
97.0810226598319
97.0742841927089
97.0762722814335
97.0838987089908
97.0589628106112
97.0318043738750
97.0076734502282
97.0097606836355
97.0053548794847
97.0099795651187
96.9867467744143
97.0015745356912
96.9191184260118
96.8324440803270
96.8709690042607
96.7709364750265
96.7950822312477
96.9362563164247
96.9549107479365
96.8878558970740
96.9178025511726
97.0085980793298
96.9227387519258
96.8013888112704
96.7923776102626
96.8393125796504
96.7148015539466
96.7129165236941
96.6893041632160
96.7006393067011
96.5120392918826
96.4752277224034
96.3810388120976
96.4542627317752
96.5556223277029
96.5543176347017
96.5232633325936
96.4953209111921
96.5342184608097
96.3879409328718
96.2337974010478
96.3239459577689
96.2363436023459
96.2785831288123
96.2705302917811
96.1569246456485
95.9554013944439
95.9641765832798
95.9444980367410
95.8458312057082
95.7259655162378
95.7617923774162
95.7591899115373
95.6632146472437
95.6487441218844
95.5660644643445
95.5718402565900
95.4893007328292
95.4112611926488
95.3539882048238
95.2267684714180
95.1694528581880
95.1654619633522
95.2341311103605
95.2503302254794
95.0761868975512
95.1183697763579
95.2086732977856
95.1994894799510
95.0123909507864
94.9583866808060
94.8622230375786
95.0504695828344
95.2091597670807
95.2385689566006
95.0852013573351
95.0245529154161
95.0277184229790
95.1405841009712
95.1818172097823
95.2119929313197
95.2298300069814
95.3172828029059
95.4985130320595
95.5990129621670
95.5346304274226
95.5122405542924
95.4273335156092
95.3654427641658
95.3337023658912
95.5932343191413
95.8133789952433
95.9323126372768
95.9813841774583
95.9912553886599
95.9181701137938
95.7728608352971
95.7586394780360
95.6585251798164
95.5906695152350
95.3713030195810
95.2666660894108
95.3962821289998
95.4348743295346
95.4465111952995
95.5382609279831
95.6094349983888
95.6059552934640
95.6051882582121
95.6069471869971
95.5139397467788
95.3175398048022
95.1936764145869
95.1560967054678
95.1185817575029
95.1163177353520
95.1092997358063
95.1720580412562
95.3343226267107
95.5388381107023
95.6877042709654
95.6285639007469
95.6185845480099
95.5971334955311
95.6647541944209
95.8768297025885
95.9057555998515
95.9728055111049
96.1144001915758
96.2448947078904
96.2258788492126
96.2764300343407
96.1688969139573
96.1555650032072
96.2126370629601
96.2813004699393
96.3597106555951
96.2587349747669
96.1489721183765
96.0245759512033
95.9667246566696
95.9234664084341
95.8266589062745
95.7067066207153
95.5840077161997
95.5910292151552
95.6261233932105
95.6735481821860
95.6654985416891
95.7480384371942
95.7190106306323
95.6270633320732
95.6256626809573
95.5690553992525
95.4420589338411
95.3715017462039
95.4621418986363
95.5578644890607
95.7562432357341
95.8680347036676
95.9443276194082
96.1088000692849
96.1272095007374
96.1110346165763
96.0434142788195
95.9428075381956
95.9156094107029
95.9612906333261
95.8689745885082
95.8953812022662
95.9165443814134
95.9867300367814
96.0351892905572
96.0387512656509
95.9317214279542
95.8997400050968
95.9914186541027
95.8276172786096
95.6410638560450
95.6050763978268
95.6466981677658
95.6071614464968
95.5914188677745
95.5459335657703
95.4698423432020
95.2919243705994
95.2766175344034
95.2482234306120
95.2413415081136
95.1654053995386
95.3399166211583
95.2156438042266
95.1697315865109
95.1739682204416
95.0913881320973
95.1277036268488
95.0365718406222
95.0542501304805
94.9448150151641
94.9344838431454
94.9758191110301
94.9425713674845
94.9385764241573
94.8673974643549
94.7971085309866
94.8918454185651
94.7696160847694
94.6857752185137
94.6064425404910
94.4295150276383
94.2281593349960
94.1005023338983
93.9167137000695
93.9133972783360
93.8759011473156
93.8751828867358
93.9592178183975
94.0672742520915
94.0755714916127
94.0983707122417
94.2814162638172
94.3730124810816
94.4906780829556
94.6626320162115
94.7053433734734
94.8846159503262
94.9621189686153
94.8407276160897
94.7940097490923
94.7674782222559
94.7491208725884
94.8013722241651
94.8815702890027
94.7121217752739
94.7300028272300
94.7664272589160
94.6768055951598
94.8438718009051
94.9755773962227
94.8591201777816
94.8632047413015
94.9567679735960
95.0731929326846
95.0229534236555
94.8494210488341
94.9150868272398
94.7208727169721
94.6805878632352
94.6383736965434
94.5837982802787
94.5487099068561
94.8327386709641
94.9157037471745
94.9656077944476
94.9837560926111
94.9083135413695
94.9657666911601
94.9697503098857
94.9126834728281
94.8051563302466
94.7695315079729
94.7700198834844
94.8195949716172
94.9794577697929
95.0991512477903
94.9831500684167
95.1801423906807
95.3237891943502
95.3772016378016
95.4350380958337
95.5945132682828
95.6705811044739
95.7151098430535
95.6610807118377
95.6616507413063
95.7919063493200
95.8505187027752
95.7107735541840
95.7168330249825
95.6803114884474
95.4926768196730
95.2120094336973
95.0447575836626
94.9241418211327
94.8578010357924
94.6575918641876
94.5880530793764
94.6061883309749
94.8231375999479
94.8938545705023
95.0602612057011
95.1381488725158
95.1072902617399
95.2192204248108
95.1296407739093
95.1903013601681
95.2116936917985
95.0062840557704
94.7257354450754
94.6076644910345
94.5109950868836
94.3966999987544
94.3619448656893
94.5472132516510
94.7902005125879
94.7134332657140
94.7824558300464
94.8504151611534
94.8390563004765
94.9462891879260
94.9023507004838
94.8516265850873
94.9373486518595
94.9510185179782
95.0138393734184
94.9567793467057
94.9706211755316
95.0634039979901
95.1600950735115
95.1862135264474
95.1168881394893
95.1166353232450
95.1674339091070
95.0586487505994
94.9020533731410
94.9573775299150
94.8230947291436
94.7418904470374
94.6906301023302
94.6914911670282
94.5903726014913
94.4987750315181
94.4384812309581
94.5576359919204
94.7350855347017
94.8144412485744
94.7046276887802
94.6709593502730
94.6179815565252
94.7450642376276
94.9204511774074
95.0332990823632
95.0991982613273
95.0673317825981
94.9928433994209
95.0340529998956
95.0714478169700
95.0988373270658
95.0084026442043
94.9784037063672
94.8837583474517
94.8019508342937
94.6588619465383
94.6632471407803
94.5830304506718
94.4880350210928
94.2661433145193
94.1449230296311
94.1255617232738
94.1729432845745
94.0589087258236
93.9865588319208
93.6764126581800
93.3270578297699
92.8968959459507
92.6093693403883
92.5835381629827
92.4226138190934
92.2201856763937
92.2098139463635
92.3071594335724
92.4918124807617
92.4791690038976
92.3635761023167
92.1536966639877
92.0646879964382
91.9931607337259
91.8406919454504
91.7265948271187
91.4059829031295
91.2896178849537
91.2011924926603
90.8780033342600
90.8323270520806
90.7563977154818
90.6181975084447
90.3874869651869
90.2211819940271
90.1405462101069
89.9634964262370
89.9428398125777
89.7123735457736
89.6975246565039
89.5438125072815
89.0542730070139
88.5511317519587
88.5178814863364
88.5714425099849
88.4494980811102
88.1637279937156
87.8076711793898
87.7055240213234
87.7143252434514
87.5761821892878
87.4351886952099
87.2728246554022
87.2232830240109
87.3196198547673
87.3410031449410
87.1354738504655
87.0145106747682
87.0412400818182
87.2076407154385
87.2181848229051
87.0096416458850
86.9307168638341
87.2159497213324
87.5567820227332
87.6120245972204
87.5697076500499
87.3238220975438
87.5319766997675
87.9349111093217
88.4454813939297
88.6840798158801
88.9269454296343
89.0459600357036
89.2498950926102
89.2499400775053
89.3019455111136
89.1279319513830
88.9919512588801
89.0067949397229
88.7999080590059
88.8011657363846
88.9369261870235
88.7584904964687
88.6638863267431
88.6597914789523
88.7400585509790
88.5543331656034
88.3888588198694
88.4054736371883
88.4071959493473
88.5731267917298
88.2116595105001
87.1990030502706
86.6901429223751
86.2344722386662
85.1047408793577
83.8869186861875
83.0853995635928
83.0853995635928
82.8738016076473
82.9162292102442
82.9162292102442
81.9791361747482
82.2041299696899
82.2041299696899
83.3907006500624
84.6658159573036
84.5749824865646
85.4207681603929
85.7821353168679
85.8733006925084
86.0716254701061
86.7850184671782
86.5766756788521
87.2971752409360
88.3295002707938
88.5917151528517
87.6638850530084
87.3222473386868
87.0240783698724
86.9864373863789
87.1068365461052
87.6536760317549
87.9214752728819
87.7755121572438
86.6833804400867
85.6833399595578
85.4464316802354
86.2738498754949
86.4652665008424
86.4652665008424
86.4652665008424
86.0321159024730
85.3361209373020
85.3361209373020
85.2546131322712
85.2546131322712
85.9036142359968
86.0581410321247
86.2201500214039
85.8428874684578
85.7444029277279
86.3831924311686
86.3831924311686
86.8143328894616
86.7192193410002
87.3827336130135
87.8621131791410
87.9586032231408
88.0562386841886
88.8145906067681
88.9568028083653
88.9883200332662
89.4047991025019
89.4937261810337
89.6384916401227
89.6639334550882
89.6472544852176
89.5258975853740
89.0835910275163
88.4047296080795
87.6212404189164
87.6212404189164
86.7347926522407
85.8056439551962
84.8472727426012
83.7876775347289
83.0436582884952
82.0965837180351
82.5142142717294
83.3795581097351
83.3027822399769
82.3085590808379
82.4627429431647
82.4627429431647
82.0656096400983
81.0912378916558
81.3461981901315
80.4316850717501
79.3906391246972
78.9860781754625
77.6091917563154
76.3766821612985
76.3766821612985
76.6648271685224
78.0444323257284
79.0801877444972
79.3107030409110
79.3142999962172
79.6646933191427
80.4533500263914
81.2009221328885
82.0129754217164
82.1068210198250
82.1068210198250
81.8411841857139
81.3136592158160
81.3136592158160
81.5333918063406
81.5333918063406
81.9193195560901
82.1410490423109
82.2545378318976
83.4121400833213
83.9229369036306
84.0896045362590
83.9393359898352
83.9393359898352
83.9983161494129
82.6860500249771
81.2924465056755
81.4691668813975
81.8845425082245
81.4800834337283
81.5096765687539
82.4821897459822
83.4885239681894
84.8165429003261
85.7038023833786
86.0619228673475
86.0289520046919
86.0688505728908
86.0951388664777
86.0595375171856
86.0651917365525
85.9974946150474
85.8640048433792
85.8843964169639
85.8886924999256
85.9814232889289
86.1491712239531
86.1956715194670
86.1874221545180
86.0089012817843
85.6251441377311
85.4699080503704
85.6398676561543
85.4010554841164
85.5226518308993
85.5282182490316
85.7347002846039
85.8727375138326
86.0718422994933
86.1116687643641
86.0903885205252
86.0755641843430
86.0439620292051
86.3878036712325
86.5733378878652
86.6875193509362
86.9043925128511
86.8809252568854
86.5562244783968
86.4931364674668
86.5579441600350
86.4485192248788
86.3274373608378
86.4352580129649
86.8213370014038
87.1057611354594
87.2575883938167
87.3249047081342
87.3110151488041
87.4177969768464
87.4844632565513
87.5876702257363
87.7586176759121
88.0712521313160
88.0076088265553
88.1993524007459
88.3124092218217
88.5180333242109
88.6017571217185
88.5615969446108
88.7505922303212
88.5706114928718
88.6759708891716
88.6225675751752
87.9519621280951
87.2231812553899
86.0037703675755
85.7014735044720
85.7014735044720
85.9770135356487
85.3782046284094
84.8292674570439
83.6526249426298
82.8720964950076
82.7001607249163
82.7276535537116
82.7276535537116
82.2447034413444
82.6436772490236
83.2456164485816
83.2456164485816
83.2456164485816
82.7863974746153
82.8226803077668
82.4411453523628
82.6236218843126
82.6236218843126
81.9156849599359
82.4669984763619
83.7046633687072
84.1767872298516
83.5566071395174
83.0747967691644
83.0914275797030
83.7298368557911
84.9724003096622
86.1938010527560
87.3596995631043
88.4583424167267
89.4811597214241
90.2904206230190
90.4706340731098
90.5430765585834
90.5430765585834
91.4013283925774
91.4908927754125
91.9890799277566
91.9237580440178
91.9237580440178
92.1411070807640
92.7548226045281
93.4047140759732
94.0097259939924
94.1094689635521
94.2469735820676
94.1425004798409
94.2009858960166
94.0471405997650
93.9897140659068
93.9346874432187
93.6292778722777
93.5037891559739
93.5009172946587
93.6622581838669
93.8726639331532
93.9634986549173
93.9128121721309
93.8750465705109
93.8133472662923
93.9216780345094
93.8968813919479
93.6579278027510
93.5867230082407
93.5733845285626
93.4670183037664
93.2762407021184
93.1404416690660
92.9161128103798
92.7210784854356
92.7425444273469
92.6248260740077
92.6524219649283
92.7819547056024
92.8506743520910
92.8074530749101
92.7305169776870
92.8195221252262
92.9408453252912
93.1612364480343
93.1314016839660
93.0766846980268
93.0944329715929
93.0140767754586
92.8262497640288
92.8990621670574
93.0725034830411
92.9676155943147
92.8922166451984
92.9137440580731
93.1258952239868
93.2242194493054
93.1502293628232
93.0275443467698
92.9320533472433
92.9140308577359
92.8386490642000
92.7801961298115
92.6898028760923
92.7119801933306
92.6242474871075
92.3099932906564
92.1093031416381
91.6821650093906
91.4777781869997
91.3957073469950
91.3444898454216
91.2240967313193
91.1872977660008
91.3339123782091
91.5577569169026
91.6205313068716
91.6348780876671
91.6635716333393
91.7339884145564
91.8209914697928
91.7898273400233
91.8201139915531
91.7856225480891
91.8365939531040
91.8429278832188
91.8702922008412
92.0177857061371
92.1417016887654
92.0836332345656
92.0699581088998
92.1144859563136
92.2340005641120
92.2280062006460
92.0565686350078
92.0307615728492
92.1770272037783
92.1430948567731
92.2042922212395
92.0457936207370
91.9325194885646
92.0443325421334
92.0861503167134
92.2555240399926
92.3019870449687
92.4107520225189
92.3817289835525
92.3633976126165
92.4205878993584
92.4585536437388
92.4585536437388
92.4530094254390
92.6053652330008
92.6807791541031
92.6836170277227
92.3435731090751
91.9436250922510
91.9490180905023
92.0362819815552
92.3359842002229
92.2907663514873
92.3621650114401
92.4190839110536
92.6155380704392
92.5269531755456
92.6385487880260
92.9185403285787
93.1320809023510
93.3885568163003
93.5846833739534
93.6430830118486
93.7359555449323
93.8229932438226
93.9088033834347
93.7703150520287
93.5855285498349
93.6464655228864
93.6959661345040
93.5700364766655
93.5432472653174
93.4781161141329
93.3780789050191
93.4213209544622
93.4653395327186
93.5217848766899
93.5458421996750
93.5370001159182
93.2849159185917
93.2193911298940
93.2849500057863
93.3415640756729
93.5080168744604
93.4853973066219
93.3918730268384
93.5149787182541
93.6366940443420
93.5995578396231
93.6369139786079
93.7834819133967
93.8720572936530
93.9069091096017
93.7386782212234
93.5902135973368
93.5486059640133
93.6296147512044
93.8396737218280
93.7871543786783
93.8807912265108
93.8198133976307
93.9563390799623
94.0424630581595
94.0400707820009
94.0819366576782
93.9192060929830
93.9046146054929
94.0981025487657
94.3253205185639
94.4524908272262
94.4130407752338
94.3690542839384
94.4420368142961
94.5343227797091
94.5031042189697
94.4420156152094
94.5601361430366
94.5841587124036
94.4406565337471
94.2175266534915
94.1464499112448
94.2261652253756
94.2342109786486
94.2492572952060
94.1888207439197
94.2258671075216
94.1301083692138
94.1651355280254
94.2063115121914
94.1081521028297
94.0445002095216
93.8718554322706
93.8867420298705
93.9269831735529
93.8459203733507
93.7891449256601
93.6591733923220
93.7298917553941
93.8208592329305
94.0166828549230
94.0594307001969
93.8770460862687
93.7877819033148
93.6994052407859
93.6928339673677
93.6319748280592
93.5494589582987
93.5255072361728
93.5908224571362
93.4951157445514
93.2768549730607
93.1642625888347
92.9677905643627
92.8375188566743
92.8266933783647
92.6428596550846
92.4799352987258
92.3702960663047
92.3511999854157
92.2061657115261
92.1138661530845
91.8533214461815
91.7065301124449
91.6172205619241
91.6491006741614
91.7725657957756
91.9779115566505
92.0514301836124
91.8637731978522
91.8672654053727
92.0413806427500
92.0306899599480
91.9380693556536
92.0291257527606
91.9895470751113
92.1655753937601
92.0195224858977
91.9378072767232
91.9321119854824
91.9272991940923
91.9636337079070
91.8961661187597
91.8555114811614
91.8206908721105
91.8146200874725
91.7314139011943
91.7939578957289
91.8599453048927
91.9063939495307
91.9937324805469
92.2197333014425
92.3846505382184
92.4939174282937
92.6079768149915
92.6817419103740
92.5343536089890
92.5016994902249
92.4646801925587
92.5105195395783
92.4179356913526
92.4308307639979
92.4476539852939
92.3690073972902
92.3320236819442
92.3470846884347
92.4852199077773
92.2828647973623
92.2969752065581
92.2539467655112
92.0608405434811
92.0497495193597
92.1372015345652
92.1622941037708
92.2092208233662
92.4426965256905
92.7903573873774
92.8819182816906
92.9063608126811
92.8341023784781
92.9142874108984
92.8271824777187
92.9078712620419
92.8307779889970
92.6675693797966
92.6181934830456
92.5168861787943
92.2935850651132
92.0062795939915
91.8080276115369
91.7365302115297
91.5689043940268
91.3438098539098
91.2112098869867
91.0011456833182
90.9352464076695
90.7121836252340
90.6653784067196
90.4967711034747
90.5054551410029
90.5463666305893
90.4342911753675
90.2260939442760
90.2766426095115
90.3721370286591
90.4801074557346
90.5500582157898
90.5398574657113
90.4603628100189
90.1620803582883
89.5716138047042
88.7934919795655
87.9215635869233
87.0202933597178
86.2248254065304
86.4348712731211
85.8861850904122
85.2866524439428
84.2621287947247
83.1920433902768
82.0985224420299
82.0985224420299
81.4514509732177
81.4514509732177
81.2736429656940
80.9424205682395
79.8694676042689
79.8694676042689
79.8694676042689
80.9424205682395
81.8706800249956
80.9587474597384
81.0369013686759
81.0058343220704
80.2512280906839
79.5552695454413
79.2748478759878
79.6526664391026
80.7177757352068
81.7614662550490
82.2497407108797
82.7420068480737
81.8798790113652
81.3109948614601
81.0162513589683
81.0162513589683
81.0162513589683
81.5217114063300
81.5217114063300
81.3977009662909
81.4540238562306
82.1861443641557
82.2965417077492
81.8938587332663
82.8724288308811
83.8009923413264
84.5818130929824
84.1662877752359
84.0145344891582
84.1805520045320
84.5910632450347
84.5910632450347
84.9377971854814
84.8773609016762
84.3222966851041
83.7395647825489
84.4113920124155
85.2351964941282
85.2351964941282
85.2351964941282
84.6956427168323
85.8008863832932
86.8817412719665
87.6908457551130
87.6908457551130
86.8730912740794
86.3657483690262
85.9560009108477
86.3248852338583
86.6976844724808
87.0448769285271
86.0369533609108
86.0710986936166
85.5492416482520
85.9002978419822
86.4868661879693
87.1857428317729
86.1839005240146
85.1181417603863
84.0145280248839
83.1699283924277
84.1316189243340
84.8056973911083
85.3180144658636
86.3707217136066
87.1514292959896
87.6217561845713
87.6463875712650
87.6463875712650
87.6463875712650
88.2848305840229
88.3855121748867
88.3855121748867
88.3855121748867
88.3855121748867
87.3601344294200
86.4364914813957
86.6213194474768
86.6213194474768
86.6086177320740
86.8802865478856
87.1699584813500
87.5545536378924
88.3778422329343
88.6863769677369
88.9979513780134
88.8752230368948
88.9412864950079
88.3752815440413
87.1103826335411
85.7679878276029
84.3413297377492
83.2040690480929
82.9152998457978
83.3110714103525
84.4906421737868
83.3675732837095
82.2338911119280
82.0946241629552
82.0946241629552
82.2648327715330
81.4514953096829
81.3882151640831
81.2590438712951
82.5824924763901
84.0438292218865
85.3794141747999
86.2980079966536
86.7786172306099
87.5464401558802
87.4089523348438
87.3572592884651
86.8438178640202
86.0930382027854
84.5217357911173
84.0691123482329
83.9814742510109
85.0060506994218
86.1292257292869
87.4610694609316
88.1745716834204
87.7402811204267
87.9824172944565
87.8437738199016
87.3926926607754
87.0472494120526
87.0472494120526
87.0472494120526
87.0472494120526
86.6253253541989
86.1953650529528
85.8643899755883
86.6206091773698
87.5463454904701
88.4685084358311
88.5644976059674
88.6160194292052
88.4485853425374
87.6692207331041
87.9518915219418
87.4832766325310
86.7693594305323
86.2670492421927
86.0954592857208
85.7502117873985
85.3903846620976
85.7292401388225
85.7743577877083
85.7973520265674
85.9271647685105
86.4267085102731
86.3396131554384
85.9048321599540
85.7256701377083
85.7145230592990
85.7783242485165
85.8217585703976
85.7957794727572
85.6093321667211
85.5773431457085
85.7739798730021
85.7058979192566
